[32782.712948] [Project 1] 7886 1587999017.000491261 1587999018.000332077
[32784.712882] [Project 1] 7887 1587999019.000239908 1587999020.000073646
[32785.713774] [Project 1] 7888 1587999020.000983848 1587999021.000822616
[32787.713722] [Project 1] 7889 1587999022.000734443 1587999023.000571875
[32789.713580] [Project 1] 7891 1587999024.000494421 1587999025.000327665
[32791.713443] [Project 1] 7892 1587999026.000248073 1587999027.000094790
[32792.714370] [Project 1] 7893 1587999028.000013447 1587999028.000853792
[32794.714245] [Project 1] 7894 1587999029.000766076 1587999030.000603256
[32796.714182] [Project 1] 7895 1587999031.000522078 1587999032.000361876
[32798.714049] [Project 1] 7896 1587999033.000298038 1587999034.000128532
